[12.36037, 76.595039999999997]
[12.36037, 76.595050000000001]
[12.36037, 76.59508000000001]
[12.36037, 76.59511000000002]
[12.36037, 76.595140000000029]
[12.36037, 76.595170000000039]
[12.36037, 76.595200000000048]
[12.36037, 76.595230000000058]
[12.36037, 76.595260000000067]
[12.36037, 76.595290000000077]
[12.36037, 76.595320000000086]
[12.36037, 76.595350000000096]
[12.36037, 76.595380000000105]
[12.36037, 76.595410000000115]
[12.36037, 76.595440000000124]
[12.36037, 76.595470000000134]
[12.36037, 76.595500000000143]
[12.36037, 76.595530000000153]
[12.360379999999999, 76.595550000000159]
[12.360379999999999, 76.595540000000156]
[12.360379999999999, 76.595510000000147]
[12.360379999999999, 76.595480000000137]
[12.360379999999999, 76.595450000000127]
[12.360379999999999, 76.595420000000118]
[12.360379999999999, 76.595390000000108]
[12.360379999999999, 76.595360000000099]
[12.360379999999999, 76.595330000000089]
[12.360379999999999, 76.59530000000008]
[12.360379999999999, 76.59527000000007]
[12.360379999999999, 76.595240000000061]
[12.360379999999999, 76.595210000000051]
[12.360379999999999, 76.595180000000042]
[12.360379999999999, 76.595150000000032]
[12.360379999999999, 76.595120000000023]
[12.360379999999999, 76.595090000000013]
[12.360379999999999, 76.595060000000004]
[12.360389999999999, 76.595039999999997]
[12.360389999999999, 76.595050000000001]
[12.360389999999999, 76.59508000000001]
[12.360389999999999, 76.59511000000002]
[12.360389999999999, 76.595140000000029]
[12.360389999999999, 76.595170000000039]
[12.360389999999999, 76.595200000000048]
[12.360389999999999, 76.595230000000058]
[12.360389999999999, 76.595260000000067]
[12.360389999999999, 76.595290000000077]
[12.360389999999999, 76.595320000000086]
[12.360389999999999, 76.595350000000096]
[12.360389999999999, 76.595380000000105]
[12.360389999999999, 76.595410000000115]
[12.360389999999999, 76.595440000000124]
[12.360389999999999, 76.595470000000134]
[12.360389999999999, 76.595500000000143]
[12.360389999999999, 76.595530000000153]
[12.360399999999998, 76.595550000000159]
[12.360399999999998, 76.595540000000156]
[12.360399999999998, 76.595510000000147]
[12.360399999999998, 76.595480000000137]
[12.360399999999998, 76.595450000000127]
[12.360399999999998, 76.595420000000118]
[12.360399999999998, 76.595390000000108]
[12.360399999999998, 76.595360000000099]
[12.360399999999998, 76.595330000000089]
[12.360399999999998, 76.59530000000008]
[12.360399999999998, 76.59527000000007]
[12.360399999999998, 76.595240000000061]
[12.360399999999998, 76.595210000000051]
[12.360399999999998, 76.595180000000042]
[12.360399999999998, 76.595150000000032]
[12.360399999999998, 76.595120000000023]
[12.360399999999998, 76.595090000000013]
[12.360399999999998, 76.595060000000004]
[12.360409999999998, 76.595039999999997]
[12.360409999999998, 76.595050000000001]
[12.360409999999998, 76.59508000000001]
[12.360409999999998, 76.59511000000002]
[12.360409999999998, 76.595140000000029]
[12.360409999999998, 76.595170000000039]
[12.360409999999998, 76.595200000000048]
[12.360409999999998, 76.595230000000058]
[12.360409999999998, 76.595260000000067]
[12.360409999999998, 76.595290000000077]
[12.360409999999998, 76.595320000000086]
[12.360409999999998, 76.595350000000096]
[12.360409999999998, 76.595380000000105]
[12.360409999999998, 76.595410000000115]
[12.360409999999998, 76.595440000000124]
[12.360409999999998, 76.595470000000134]
[12.360409999999998, 76.595500000000143]
[12.360409999999998, 76.595530000000153]
[12.360419999999998, 76.595550000000159]
[12.360419999999998, 76.595540000000156]
[12.360419999999998, 76.595510000000147]
[12.360419999999998, 76.595480000000137]
[12.360419999999998, 76.595450000000127]
[12.360419999999998, 76.595420000000118]
[12.360419999999998, 76.595390000000108]
[12.360419999999998, 76.595360000000099]
[12.360419999999998, 76.595330000000089]
[12.360419999999998, 76.59530000000008]
[12.360419999999998, 76.59527000000007]
[12.360419999999998, 76.595240000000061]
[12.360419999999998, 76.595210000000051]
[12.360419999999998, 76.595180000000042]
[12.360419999999998, 76.595150000000032]
[12.360419999999998, 76.595120000000023]
[12.360419999999998, 76.595090000000013]
[12.360419999999998, 76.595060000000004]
[12.360429999999997, 76.595039999999997]
[12.360429999999997, 76.595050000000001]
[12.360429999999997, 76.59508000000001]
[12.360429999999997, 76.59511000000002]
[12.360429999999997, 76.595140000000029]
[12.360429999999997, 76.595170000000039]
[12.360429999999997, 76.595200000000048]
[12.360429999999997, 76.595230000000058]
[12.360429999999997, 76.595260000000067]
[12.360429999999997, 76.595290000000077]
[12.360429999999997, 76.595320000000086]
[12.360429999999997, 76.595350000000096]
[12.360429999999997, 76.595380000000105]
[12.360429999999997, 76.595410000000115]
[12.360429999999997, 76.595440000000124]
[12.360429999999997, 76.595470000000134]
[12.360429999999997, 76.595500000000143]
[12.360429999999997, 76.595530000000153]
[12.360439999999997, 76.595550000000159]
[12.360439999999997, 76.595540000000156]
[12.360439999999997, 76.595510000000147]
[12.360439999999997, 76.595480000000137]
[12.360439999999997, 76.595450000000127]
[12.360439999999997, 76.595420000000118]
[12.360439999999997, 76.595390000000108]
[12.360439999999997, 76.595360000000099]
[12.360439999999997, 76.595330000000089]
[12.360439999999997, 76.59530000000008]
[12.360439999999997, 76.59527000000007]
[12.360439999999997, 76.595240000000061]
[12.360439999999997, 76.595210000000051]
[12.360439999999997, 76.595180000000042]
[12.360439999999997, 76.595150000000032]
[12.360439999999997, 76.595120000000023]
[12.360439999999997, 76.595090000000013]
[12.360439999999997, 76.595060000000004]
[12.360449999999997, 76.595039999999997]
[12.360449999999997, 76.595050000000001]
[12.360449999999997, 76.59508000000001]
[12.360449999999997, 76.59511000000002]
[12.360449999999997, 76.595140000000029]
[12.360449999999997, 76.595170000000039]
[12.360449999999997, 76.595200000000048]
[12.360449999999997, 76.595230000000058]
[12.360449999999997, 76.595260000000067]
[12.360449999999997, 76.595290000000077]
[12.360449999999997, 76.595320000000086]
[12.360449999999997, 76.595350000000096]
[12.360449999999997, 76.595380000000105]
[12.360449999999997, 76.595410000000115]
[12.360449999999997, 76.595440000000124]
[12.360449999999997, 76.595470000000134]
[12.360449999999997, 76.595500000000143]
[12.360449999999997, 76.595530000000153]
[12.360459999999996, 76.595550000000159]
[12.360459999999996, 76.595540000000156]
[12.360459999999996, 76.595510000000147]
[12.360459999999996, 76.595480000000137]
[12.360459999999996, 76.595450000000127]
[12.360459999999996, 76.595420000000118]
[12.360459999999996, 76.595390000000108]
[12.360459999999996, 76.595360000000099]
[12.360459999999996, 76.595330000000089]
[12.360459999999996, 76.59530000000008]
[12.360459999999996, 76.59527000000007]
[12.360459999999996, 76.595240000000061]
[12.360459999999996, 76.595210000000051]
[12.360459999999996, 76.595180000000042]
[12.360459999999996, 76.595150000000032]
[12.360459999999996, 76.595120000000023]
[12.360459999999996, 76.595090000000013]
[12.360459999999996, 76.595060000000004]
[12.360469999999996, 76.595039999999997]
[12.360469999999996, 76.595050000000001]
[12.360469999999996, 76.59508000000001]
[12.360469999999996, 76.59511000000002]
[12.360469999999996, 76.595140000000029]
[12.360469999999996, 76.595170000000039]
[12.360469999999996, 76.595200000000048]
[12.360469999999996, 76.595230000000058]
[12.360469999999996, 76.595260000000067]
[12.360469999999996, 76.595290000000077]
[12.360469999999996, 76.595320000000086]
[12.360469999999996, 76.595350000000096]
[12.360469999999996, 76.595380000000105]
[12.360469999999996, 76.595410000000115]
[12.360469999999996, 76.595440000000124]
[12.360469999999996, 76.595470000000134]
[12.360469999999996, 76.595500000000143]
[12.360469999999996, 76.595530000000153]
[12.360479999999995, 76.595550000000159]
[12.360479999999995, 76.595540000000156]
[12.360479999999995, 76.595510000000147]
[12.360479999999995, 76.595480000000137]
[12.360479999999995, 76.595450000000127]
[12.360479999999995, 76.595420000000118]
[12.360479999999995, 76.595390000000108]
[12.360479999999995, 76.595360000000099]
[12.360479999999995, 76.595330000000089]
[12.360479999999995, 76.59530000000008]
[12.360479999999995, 76.59527000000007]
[12.360479999999995, 76.595240000000061]
[12.360479999999995, 76.595210000000051]
[12.360479999999995, 76.595180000000042]
[12.360479999999995, 76.595150000000032]
[12.360479999999995, 76.595120000000023]
[12.360479999999995, 76.595090000000013]
[12.360479999999995, 76.595060000000004]
[12.360489999999995, 76.595039999999997]
[12.360489999999995, 76.595050000000001]
[12.360489999999995, 76.59508000000001]
[12.360489999999995, 76.59511000000002]
[12.360489999999995, 76.595140000000029]
[12.360489999999995, 76.595170000000039]
[12.360489999999995, 76.595200000000048]
[12.360489999999995, 76.595230000000058]
[12.360489999999995, 76.595260000000067]
[12.360489999999995, 76.595290000000077]
[12.360489999999995, 76.595320000000086]
[12.360489999999995, 76.595350000000096]
[12.360489999999995, 76.595380000000105]
[12.360489999999995, 76.595410000000115]
[12.360489999999995, 76.595440000000124]
[12.360489999999995, 76.595470000000134]
[12.360489999999995, 76.595500000000143]
[12.360489999999995, 76.595530000000153]
[12.360499999999995, 76.595550000000159]
[12.360499999999995, 76.595540000000156]
[12.360499999999995, 76.595510000000147]
[12.360499999999995, 76.595480000000137]
[12.360499999999995, 76.595450000000127]
[12.360499999999995, 76.595420000000118]
[12.360499999999995, 76.595390000000108]
[12.360499999999995, 76.595360000000099]
[12.360499999999995, 76.595330000000089]
[12.360499999999995, 76.59530000000008]
[12.360499999999995, 76.59527000000007]
[12.360499999999995, 76.595240000000061]
[12.360499999999995, 76.595210000000051]
[12.360499999999995, 76.595180000000042]
[12.360499999999995, 76.595150000000032]
[12.360499999999995, 76.595120000000023]
[12.360499999999995, 76.595090000000013]
[12.360499999999995, 76.595060000000004]
[12.360509999999994, 76.595039999999997]
[12.360509999999994, 76.595050000000001]
[12.360509999999994, 76.59508000000001]
[12.360509999999994, 76.59511000000002]
[12.360509999999994, 76.595140000000029]
[12.360509999999994, 76.595170000000039]
[12.360509999999994, 76.595200000000048]
[12.360509999999994, 76.595230000000058]
[12.360509999999994, 76.595260000000067]
[12.360509999999994, 76.595290000000077]
[12.360509999999994, 76.595320000000086]
[12.360509999999994, 76.595350000000096]
[12.360509999999994, 76.595380000000105]
[12.360509999999994, 76.595410000000115]
[12.360509999999994, 76.595440000000124]
[12.360509999999994, 76.595470000000134]
[12.360509999999994, 76.595500000000143]
[12.360509999999994, 76.595530000000153]
[12.360519999999994, 76.595550000000159]
[12.360519999999994, 76.595540000000156]
[12.360519999999994, 76.595510000000147]
[12.360519999999994, 76.595480000000137]
[12.360519999999994, 76.595450000000127]
[12.360519999999994, 76.595420000000118]
[12.360519999999994, 76.595390000000108]
[12.360519999999994, 76.595360000000099]
[12.360519999999994, 76.595330000000089]
[12.360519999999994, 76.59530000000008]
[12.360519999999994, 76.59527000000007]
[12.360519999999994, 76.595240000000061]
[12.360519999999994, 76.595210000000051]
[12.360519999999994, 76.595180000000042]
[12.360519999999994, 76.595150000000032]
[12.360519999999994, 76.595120000000023]
[12.360519999999994, 76.595090000000013]
[12.360519999999994, 76.595060000000004]
[12.360529999999994, 76.595039999999997]
[12.360529999999994, 76.595050000000001]
[12.360529999999994, 76.59508000000001]
[12.360529999999994, 76.59511000000002]
[12.360529999999994, 76.595140000000029]
[12.360529999999994, 76.595170000000039]
[12.360529999999994, 76.595200000000048]
[12.360529999999994, 76.595230000000058]
[12.360529999999994, 76.595260000000067]
[12.360529999999994, 76.595290000000077]
[12.360529999999994, 76.595320000000086]
[12.360529999999994, 76.595350000000096]
[12.360529999999994, 76.595380000000105]
[12.360529999999994, 76.595410000000115]
[12.360529999999994, 76.595440000000124]
[12.360529999999994, 76.595470000000134]
[12.360529999999994, 76.595500000000143]
[12.360529999999994, 76.595530000000153]
[12.360539999999993, 76.595550000000159]
[12.360539999999993, 76.595540000000156]
[12.360539999999993, 76.595510000000147]
[12.360539999999993, 76.595480000000137]
[12.360539999999993, 76.595450000000127]
[12.360539999999993, 76.595420000000118]
[12.360539999999993, 76.595390000000108]
[12.360539999999993, 76.595360000000099]
[12.360539999999993, 76.595330000000089]
[12.360539999999993, 76.59530000000008]
[12.360539999999993, 76.59527000000007]
[12.360539999999993, 76.595240000000061]
[12.360539999999993, 76.595210000000051]
[12.360539999999993, 76.595180000000042]
[12.360539999999993, 76.595150000000032]
[12.360539999999993, 76.595120000000023]
[12.360539999999993, 76.595090000000013]
[12.360539999999993, 76.595060000000004]
[12.360549999999993, 76.595039999999997]
[12.360549999999993, 76.595050000000001]
[12.360549999999993, 76.59508000000001]
[12.360549999999993, 76.59511000000002]
[12.360549999999993, 76.595140000000029]
[12.360549999999993, 76.595170000000039]
[12.360549999999993, 76.595200000000048]
[12.360549999999993, 76.595230000000058]
[12.360549999999993, 76.595260000000067]
[12.360549999999993, 76.595290000000077]
[12.360549999999993, 76.595320000000086]
[12.360549999999993, 76.595350000000096]
[12.360549999999993, 76.595380000000105]
[12.360549999999993, 76.595410000000115]
[12.360549999999993, 76.595440000000124]
[12.360549999999993, 76.595470000000134]
[12.360549999999993, 76.595500000000143]
[12.360549999999993, 76.595530000000153]
[12.360559999999992, 76.595550000000159]
[12.360559999999992, 76.595540000000156]
[12.360559999999992, 76.595510000000147]
[12.360559999999992, 76.595480000000137]
[12.360559999999992, 76.595450000000127]
[12.360559999999992, 76.595420000000118]
[12.360559999999992, 76.595390000000108]
[12.360559999999992, 76.595360000000099]
[12.360559999999992, 76.595330000000089]
[12.360559999999992, 76.59530000000008]
[12.360559999999992, 76.59527000000007]
[12.360559999999992, 76.595240000000061]
[12.360559999999992, 76.595210000000051]
[12.360559999999992, 76.595180000000042]
[12.360559999999992, 76.595150000000032]
[12.360559999999992, 76.595120000000023]
[12.360559999999992, 76.595090000000013]
[12.360559999999992, 76.595060000000004]
[12.360569999999992, 76.595039999999997]
[12.360569999999992, 76.595050000000001]
[12.360569999999992, 76.59508000000001]
[12.360569999999992, 76.59511000000002]
[12.360569999999992, 76.595140000000029]
[12.360569999999992, 76.595170000000039]
[12.360569999999992, 76.595200000000048]
[12.360569999999992, 76.595230000000058]
[12.360569999999992, 76.595260000000067]
[12.360569999999992, 76.595290000000077]
[12.360569999999992, 76.595320000000086]
[12.360569999999992, 76.595350000000096]
[12.360569999999992, 76.595380000000105]
[12.360569999999992, 76.595410000000115]
[12.360569999999992, 76.595440000000124]
[12.360569999999992, 76.595470000000134]
[12.360569999999992, 76.595500000000143]
[12.360569999999992, 76.595530000000153]
